-16 5
-16 6
-16 12
-15 0
-15 1
-15 5
-15 7
-15 11
-15 12
-14 0
-14 2
-14 3
-14 5
-14 8
-14 10
-14 12
-13 1
-13 4
-13 9
-13 13
-13 14
-13 15
-12 1
-12 14
-11 2
-11 13
-10 2
-10 3
-10 12
-9 1
-9 13
-8 0
-8 1
-8 2
-8 12
-7 3
-7 13
-6 2
-6 14
-5 1
-5 12
-5 13
-5 14
-5 15
-4 0
-4 12
-3 1
-3 13
-2 2
-2 14
-1 1
-1 15
0 1
0 14
1 2
1 13
2 0
2 1
2 13
3 1
3 14
4 2
4 13
5 3
5 14
6 2
6 12
6 13
6 14
6 15
7 1
7 13
8 0
8 14
9 1
9 15
10 2
10 12
10 13
10 14
11 3
11 13
12 2
12 14
13 1
13 5
13 6
13 10
13 14
14 0
14 3
14 4
14 7
14 9
14 11
14 12
14 15
15 0
15 1
15 2
15 8
15 13
15 14
15 15
