-16 14
-15 14
-14 14
-15 8
-15 9
-15 10
-15 11
-15 12
-15 13
-12 11
-12 12
-12 13
-12 14
-10 11
-10 12
-10 13
-10 14
-11 8
-11 9
-11 10
-8 8
-8 9
-8 10
-8 11
-8 12
-8 13
-8 14
-7 11
-7 14
-6 11
-6 12
-6 13
-6 14
-4 8
-4 9
-4 10
-4 11
-4 12
-4 13
-4 14
-3 8
-3 11
-3 14
-2 8
-2 11
-2 14
6 10
6 11
6 12
6 13
6 14
10 10
10 11
10 12
10 13
10 14
7 9
9 9
8 8
12 8
12 9
12 10
12 11
14 9
14 10
14 11
14 12
13 8
13 12
15 8
-13 0
-13 1
-13 2
-13 3
-13 4
-13 5
-13 6
-12 0
-12 3
-12 6
-11 1
-11 2
-11 4
-11 5
5 1
5 2
5 3
5 4
5 5
5 6
4 0
3 1
-7 2
-7 3
-7 4
-1 2
-1 3
-1 4
-6 1
-6 5
-2 1
-2 5
-5 0
-4 0
-3 0
-5 6
-4 6
-3 6
9 0
10 1
11 2
12 3
13 4
14 5
15 6
15 0
14 1
13 2
12 3
11 4
10 5
9 6
