-16 0
-15 0
-8 0
-2 0
-1 0
5 0
6 0
11 0
15 0
-16 1
-15 1
-14 1
-11 1
-9 1
-8 1
-7 1
-3 1
-2 1
-1 1
0 1
4 1
5 1
6 1
7 1
10 1
11 1
12 1
14 1
15 1
-16 2
-15 2
-14 2
-13 2
-11 2
-10 2
-9 2
-8 2
-7 2
-6 2
-4 2
-3 2
-2 2
-1 2
0 2
1 2
3 2
4 2
5 2
6 2
7 2
8 2
9 2
10 2
11 2
12 2
13 2
14 2
15 2
-16 3
-15 3
-14 3
-13 3
-12 3
-11 3
-10 3
-9 3
-8 3
-7 3
-6 3
-5 3
-4 3
-3 3
-2 3
-1 3
0 3
1 3
2 3
3 3
4 3
5 3
6 3
7 3
8 3
9 3
10 3
11 3
12 3
13 3
14 3
15 3
-16 4
-15 4
-11 4
-10 4
-8 4
-7 4
-5 4
-4 4
-2 4
-1 4
0 4
2 4
3 4
4 4
9 4
14 4
15 4
-16 5
-15 5
-10 5
-8 5
-7 5
-5 5
-4 5
-2 5
-1 5
0 5
2 5
3 5
4 5
9 5
14 5
15 5
-16 6
-15 6
-13 6
-12 6
-10 6
-8 6
-7 6
-5 6
-4 6
-2 6
-1 6
0 6
2 6
3 6
4 6
6 6
7 6
8 6
9 6
11 6
12 6
13 6
14 6
15 6
-16 7
-15 7
-10 7
-5 7
-4 7
-2 7
-1 7
0 7
2 7
3 7
4 7
6 7
7 7
8 7
9 7
13 7
14 7
15 7
