-16 0
-15 0
-14 0
-13 0
-12 0
-11 0
-10 0
-1 0
0 0
1 0
3 0
4 0
5 0
10 0
11 0
12 0
-15 1
-13 1
-11 1
0 1
6 1
10 1
13 1
-15 2
-11 2
0 2
6 2
10 2
12 2
13 2
-15 3
-14 3
-13 3
-12 3
-11 3
0 3
4 3
5 3
10 3
-13 4
0 4
6 4
10 4
13 4
-16 5
-15 5
-14 5
-13 5
-12 5
-11 5
-10 5
0 5
6 5
11 5
12 5
-16 6
-10 6
-1 6
0 6
3 6
4 6
5 6
6 6
-14 8
-10 8
4 8
5 8
6 8
8 8
9 8
-14 9
-12 9
-10 9
5 9
10 9
12 9
15 9
-14 10
-13 10
-11 10
-10 10
5 10
9 10
10 10
12 10
-16 11
-15 11
-14 11
-10 11
5 11
8 11
10 11
12 11
-16 12
-13 12
5 12
8 12
10 12
12 12
13 12
-16 13
-13 13
5 13
8 13
10 13
12 13
14 13
-16 14
-13 14
4 14
5 14
-16 15
-15 15
-14 15
