-16 15
-16 14
-16 13
-16 12
-16 11
-16 10
-16 9
-15 12
-14 12
-13 15
-13 14
-13 13
-13 12
-13 11
-13 10
-13 9
-11 13
-11 12
-11 11
-11 10
-11 9
-10 9
-9 13
-9 12
-9 11
-9 10
-9 9
-7 13
-7 12
-7 11
-7 10
-7 9
-6 13
-5 13
-5 12
-5 11
-5 10
-5 9
-3 13
-3 12
-3 11
-3 10
-2 13
-2 10
-3 8
-2 8
-1 8
-1 9
-1 10
-1 11
-1 12
-1 13
1 9
1 10
1 11
1 12
1 13
2 12
3 13
5 11
5 12
5 13
7 9
7 10
7 11
7 12
7 13
6 10
5 8
6 8
3 0
2 1
3 1
4 1
1 2
2 2
3 2
4 2
5 2
0 3
1 3
2 3
3 3
4 3
5 3
6 3
0 4
2 4
3 4
4 4
5 4
6 4
0 5
2 5
3 5
4 5
5 5
6 5
1 6
2 6
4 6
5 6
11 0
10 1
11 1
12 1
9 2
10 2
11 2
12 2
13 2
8 3
9 3
10 3
11 3
12 3
13 3
14 3
8 4
10 4
11 4
12 4
13 4
14 4
8 5
10 5
11 5
12 5
13 5
14 5
9 6
10 6
12 6
13 6
-5 0
-6 1
-5 1
-4 1
-7 2
-6 2
-5 2
-4 2
-3 2
-8 3
-7 3
-6 3
-5 3
-4 3
-3 3
-2 3
-8 4
-6 4
-5 4
-4 4
-3 4
-2 4
-8 5
-6 5
-5 5
-4 5
-3 5
-2 5
-7 6
-6 6
-4 6
-3 6
-13 0
-14 1
-13 1
-12 1
-15 2
-14 2
-13 2
-12 2
-11 2
-16 3
-15 3
-14 3
-13 3
-12 3
-11 3
-10 3
-16 4
-14 4
-13 4
-12 4
-11 4
-10 4
-16 5
-14 5
-13 5
-12 5
-11 5
-10 5
-15 6
-14 6
-12 6
-11 6
