-16 8
-16 9
-16 10
-16 11
-16 12
-16 13
-16 14
-15 8
-15 14
-14 8
-14 14
-13 9
-13 10
-13 11
-13 12
-13 13
-11 8
-11 9
-11 10
-11 11
-11 12
-11 13
-11 14
-10 11
-10 14
-9 11
-9 14
-8 12
-8 13
-4 8
-3 8
-4 10
-3 10
-4 12
-3 12
-2 8
-2 9
-2 10
-2 11
-2 12
0 8
0 9
0 10
0 11
0 12
2 8
2 9
2 10
2 11
2 12
1 8
1 12
8 8
9 8
8 10
9 10
8 12
9 12
10 8
10 9
10 10
10 11
10 12
12 8
12 9
12 10
12 11
12 12
14 8
14 9
14 10
14 11
14 12
13 8
13 12
4 9
5 10
6 11
-15 6
-15 4
-15 3
-15 2
-15 1
15 6
15 4
15 3
15 2
15 1
0 6
-14 0
-13 0
-12 0
-11 0
-10 0
-9 0
-8 0
-7 0
-6 0
-5 0
-4 0
-3 0
-2 0
-1 0
0 0
1 0
2 0
3 0
4 0
5 0
6 0
7 0
8 0
9 0
10 0
11 0
12 0
13 0
14 0
-14 5
-13 5
-12 5
-11 5
-10 5
-9 5
-8 5
-7 5
-6 5
-5 5
-4 5
-3 5
-2 5
-1 5
0 5
1 5
2 5
3 5
4 5
5 5
6 5
7 5
8 5
9 5
10 5
11 5
12 5
13 5
14 5
-13 2
-13 3
-11 2
-11 3
-9 2
-9 3
-7 2
-7 3
-5 2
-5 3
-3 2
-3 3
-1 2
-1 3
1 2
1 3
3 2
3 3
5 2
5 3
7 2
7 3
9 2
9 3
11 2
11 3
13 2
13 3
