-15 8
-15 9
-15 10
-15 11
-15 12
-15 13
-15 14
-14 11
-14 14
-13 11
-13 14
-12 12
-12 13
-10 8
-10 9
-10 10
-10 11
-10 12
-9 8
-9 12
-8 8
-8 9
-8 10
-8 11
-8 12
-6 9
-6 10
-6 11
-6 12
-5 8
-4 9
-4 10
-4 11
-3 8
-2 9
-2 10
-2 11
-2 12
-15 6
-15 4
-15 3
-15 2
-15 1
15 6
15 4
15 3
15 2
15 1
0 6
-14 0
-13 0
-12 0
-11 0
-10 0
-9 0
-8 0
-7 0
-6 0
-5 0
-4 0
-3 0
-2 0
-1 0
0 0
1 0
2 0
3 0
4 0
5 0
6 0
7 0
8 0
9 0
10 0
11 0
12 0
13 0
14 0
-14 5
-13 5
-12 5
-11 5
-10 5
-9 5
-8 5
-7 5
-6 5
-5 5
-4 5
-3 5
-2 5
-1 5
0 5
1 5
2 5
3 5
4 5
5 5
6 5
7 5
8 5
9 5
10 5
11 5
12 5
13 5
14 5
-13 2
-13 3
-11 2
-11 3
-9 2
-9 3
-7 2
-7 3
-5 2
-5 3
-3 2
-3 3
-1 2
-1 3
1 2
1 3
3 2
3 3
5 2
5 3
7 2
7 3
9 2
9 3
11 2
11 3
13 2
13 3
